-6.70157 56.10196 104.60352
-6.58548 77.79340 104.99633
-6.52860 99.56175 106.95590
-6.51590 121.27383 109.33540
-6.71109 142.56709 106.53271
-6.33367 163.89012 110.60467
-6.25994 185.32443 112.08987
2.92046 57.05428 109.95738
2.93880 78.94573 112.69067
2.96249 100.55946 113.74549
3.04129 122.00233 114.37862
3.05305 143.62427 116.96128
3.11418 164.69946 118.16852
3.16707 185.79771 119.10326
12.43676 58.21761 117.07287
12.44715 79.95295 119.46626
12.49728 101.49768 120.74165
12.46490 123.15116 121.20479
12.55521 144.22337 122.75786
12.55322 165.16745 124.01189
12.62313 186.33783 125.32745
21.89814 59.52748 124.61197
21.89345 80.96485 126.15501
21.93083 102.21439 126.80088
21.88478 123.54247 127.64362
21.76270 144.82703 128.73207
21.92670 165.72238 131.69159
22.00088 187.04770 129.87785
31.19060 60.65142 129.99229
31.14063 81.72258 131.40503
31.12126 103.17295 133.50687
31.13064 124.26875 133.45348
31.08788 145.46185 135.62402
31.13141 166.32126 137.08002
31.07097 187.24455 136.83989
40.34208 61.46488 134.98189
40.32163 82.95477 138.30061
40.22726 103.96714 139.63460
40.18866 125.14711 140.56178
40.26023 146.49712 140.44705
40.21061 166.88068 143.10825
40.21985 187.53856 142.85608
49.24641 62.68482 142.39326
49.21352 83.74853 143.34885
49.16976 104.85922 144.67569
49.10972 125.86684 146.01407
49.11778 146.68050 146.14851
49.07102 167.44617 147.97609
48.99412 187.94048 149.33670
58.32742 63.52423 148.04488
58.24834 84.67269 149.85841
58.15903 105.75662 151.63170
58.04325 126.53711 152.21541
58.09024 147.33574 152.39920
58.06585 167.68147 154.29716
57.96548 188.31157 155.18146
67.17944 64.51315 153.00208
67.01836 85.51448 155.10793
66.95736 106.44613 156.34952
66.86099 127.29282 157.24637
66.78157 147.99376 158.77731
66.68216 168.32750 160.29114
66.64838 188.70721 161.34929
76.77262 63.57904 147.13745
76.54021 84.89486 151.30501
76.49618 106.15957 152.02904
76.21722 126.98607 154.93430
76.05048 147.94955 157.53178
76.12959 168.05739 157.51704
75.81119 188.83640 161.29832
86.95792 61.09647 134.01399
86.74523 82.68111 137.13965
86.74707 103.68703 136.27330
86.49127 125.53690 138.38779
86.29456 146.84431 141.80385
86.19205 167.64471 143.85162
85.87601 188.23244 147.28931
97.87906 58.05946 116.14673
97.46614 80.14794 120.60793
97.35664 102.07085 121.73367
97.02980 123.67295 124.78802
96.99204 145.35406 124.87325
96.86654 166.76544 127.88738
96.51369 187.64377 130.40318
108.96844 55.14808 100.62930
108.85298 77.36818 101.94773
108.52634 99.91647 104.97860
108.27448 122.04153 106.94652
107.95156 143.73012 110.04557
108.00110 165.15593 110.12466
107.50824 186.97121 114.29824
119.31030 54.25080 95.34933
118.98553 76.35090 96.98577
118.94179 98.86813 97.65626
118.65735 120.82829 99.31064
118.65064 142.79431 98.78545
118.44392 164.94601 101.05423
118.16434 186.58234 102.99700
128.55994 55.19094 101.50564
128.37129 77.32333 102.24842
128.22485 99.26612 103.40639
128.07188 121.83365 104.28033
127.84804 143.48535 105.93259
127.58049 165.24742 108.38085
127.49117 186.85617 108.12482
137.59920 56.24820 106.67443
137.18434 78.20000 109.21255
136.96411 100.24535 110.54136
136.75552 122.22652 111.46464
136.73502 143.94824 111.31940
136.53636 165.39461 113.08582
136.20547 187.19690 115.09569
146.50177 57.39630 114.05393
146.25685 79.35213 115.53998
145.89102 101.15492 117.19978
145.77577 122.97655 117.77234
145.73518 145.04985 118.02988
145.51454 166.33295 118.71316
145.27318 187.79256 120.56718
155.32172 58.36103 119.95438
155.14990 79.98122 120.67018
154.98329 101.79948 121.57156
154.56398 123.75104 123.70282
154.29674 145.34204 125.20457
154.18596 166.54301 125.70108
153.80090 187.82564 128.02504
164.11317 59.04162 125.09988
163.85593 80.90462 126.53072
163.37662 102.68064 129.01266
163.30180 124.49734 129.08252
162.93961 145.88150 131.05330
162.70520 167.02417 132.60551
162.55650 188.49228 132.84036
172.46939 60.23056 132.27467
172.24907 81.86288 132.92940
172.04776 103.62745 133.62274
171.85403 125.15145 134.73415
171.55431 146.21631 136.00171
171.32201 167.21230 136.84531
170.98993 188.66449 138.69630
181.00183 61.22882 137.64117
180.89641 82.63964 137.60764
180.67938 103.89782 138.36147
180.20786 125.60628 140.80609
179.93736 146.90631 141.87175
179.74728 167.73352 142.49841
179.78835 189.08318 141.82387
189.39519 62.24506 143.47708
189.29482 83.45888 143.45563
189.09241 105.13148 143.60748
188.52573 126.21333 146.63927
188.41940 147.73868 146.98528
188.19658 168.09673 147.62946
187.85736 189.25107 149.24440
